DTM2013 (NB: uses F30 in F107 units)                                            , facteur mutiplicat
  95   9    TT                    H                     HE                    O                     N2                    O2                    N                     T0                    TP
   1 0.102977E+04 0.16E+00 0.176100E+06 0.00E+00 0.288336E+08 0.17E+05 0.719412E+11 0.44E+08 0.363858E+12 0.38E+09 0.332196E+11 0.51E+09 0.000000E+00 0.00E+00 0.380000E+03 0.00E+00 0.143706E+02 0.91E-02
   1-0.243917E-02 0.85E-04-0.133700E+00 0.00E+00 0.137590E+00 0.66E-03-0.677717E-01 0.31E-03-0.119126E-01 0.12E-02-0.758448E-01 0.18E-01 0.000000E+00 0.00E+00 0.000000E+00 0.00E+00 0.000000E+00 0.00E+00
   2 0.196603E-01 0.97E-04 0.000000E+00 0.00E+00-0.161500E+00 0.60E-03-0.502662E-01 0.60E-03-0.169970E-01 0.92E-03 0.152864E+00 0.17E-01 0.000000E+00 0.00E+00 0.000000E+00 0.00E+00 0.000000E+00 0.00E+00
   3 0.140603E-02 0.56E-04 0.000000E+00 0.00E+00-0.420051E-01 0.36E-03-0.182031E-01 0.32E-03 0.920555E-02 0.12E-02 0.000000E+00 0.00E+00 0.000000E+00 0.00E+00 0.000000E+00 0.00E+00 0.000000E+00 0.00E+00
   4 0.648749E-02 0.80E-04 0.000000E+00 0.00E+00-0.273063E-01 0.52E-03-0.278402E-01 0.45E-03 0.000000E+00 0.00E+00 0.000000E+00 0.00E+00 0.000000E+00 0.00E+00 0.000000E+00 0.00E+00 0.000000E+00 0.00E+00
   5 0.404016E-02 0.97E-04 0.000000E+00 0.00E+00-0.236284E-01 0.63E-03-0.172461E-01 0.54E-03 0.000000E+00 0.00E+00 0.000000E+00 0.00E+00 0.000000E+00 0.00E+00 0.000000E+00 0.00E+00 0.000000E+00 0.00E+00
   6 0.317806E-02 0.11E-03 0.000000E+00 0.00E+00-0.117484E-01 0.69E-03 0.359612E-02 0.59E-03 0.000000E+00 0.00E+00 0.000000E+00 0.00E+00 0.000000E+00 0.00E+00 0.000000E+00 0.00E+00 0.000000E+00 0.00E+00
   1 0.275746E-02 0.19E-05-0.124600E-01 0.00E+00-0.803043E-03 0.14E-04 0.268114E-02 0.90E-05 0.328311E-02 0.18E-04 0.000000E+00 0.00E+00 0.000000E+00 0.00E+00 0.000000E+00 0.00E+00 0.000000E+00 0.00E+00
   2-0.568252E-05 0.67E-07 0.000000E+00 0.00E+00 0.153269E-04 0.49E-06-0.316057E-04 0.25E-06 0.000000E+00 0.00E+00 0.000000E+00 0.00E+00 0.000000E+00 0.00E+00 0.000000E+00 0.00E+00 0.000000E+00 0.00E+00
   3 0.396415E-02 0.14E-05-0.193000E-01 0.00E+00-0.138960E-02 0.73E-05 0.399327E-02 0.59E-05 0.509893E-02 0.16E-04 0.137683E-02 0.13E-03 0.000000E+00 0.00E+00 0.000000E+00 0.00E+00-0.327030E-03 0.91E-05
   4-0.587610E-05 0.15E-07 0.000000E+00 0.00E+00 0.000000E+00 0.00E+00 0.000000E+00 0.00E+00 0.000000E+00 0.00E+00 0.000000E+00 0.00E+00 0.000000E+00 0.00E+00 0.000000E+00 0.00E+00 0.000000E+00 0.00E+00
   5 0.000000E+00 0.00E+00 0.000000E+00 0.00E+00 0.000000E+00 0.00E+00 0.000000E+00 0.00E+00 0.000000E+00 0.00E+00 0.000000E+00 0.00E+00 0.000000E+00 0.00E+00 0.000000E+00 0.00E+00 0.000000E+00 0.00E+00
   6 0.000000E+00 0.00E+00 0.000000E+00 0.00E+00 0.000000E+00 0.00E+00 0.000000E+00 0.00E+00 0.000000E+00 0.00E+00 0.000000E+00 0.00E+00 0.000000E+00 0.00E+00 0.000000E+00 0.00E+00 0.000000E+00 0.00E+00
   7 0.000000E+00 0.00E+00 0.000000E+00 0.00E+00 0.000000E+00 0.00E+00 0.000000E+00 0.00E+00 0.000000E+00 0.00E+00 0.000000E+00 0.00E+00 0.000000E+00 0.00E+00 0.000000E+00 0.00E+00 0.000000E+00 0.00E+00
   8 0.161029E-03 0.30E-05 0.000000E+00 0.00E+00 0.000000E+00 0.00E+00-0.332581E-03 0.15E-04 0.000000E+00 0.00E+00 0.000000E+00 0.00E+00 0.000000E+00 0.00E+00 0.000000E+00 0.00E+00 0.000000E+00 0.00E+00
   9 0.000000E+00 0.00E+00 0.000000E+00 0.00E+00 0.000000E+00 0.00E+00 0.000000E+00 0.00E+00 0.000000E+00 0.00E+00 0.000000E+00 0.00E+00 0.000000E+00 0.00E+00 0.000000E+00 0.00E+00 0.000000E+00 0.00E+00
  10 0.416944E-04 0.11E-05 0.000000E+00 0.00E+00 0.000000E+00 0.00E+00 0.109450E-03 0.57E-05 0.000000E+00 0.00E+00 0.000000E+00 0.00E+00 0.000000E+00 0.00E+00 0.000000E+00 0.00E+00 0.000000E+00 0.00E+00
  11 0.000000E+00 0.00E+00 0.000000E+00 0.00E+00 0.000000E+00 0.00E+00 0.000000E+00 0.00E+00 0.000000E+00 0.00E+00 0.000000E+00 0.00E+00 0.000000E+00 0.00E+00 0.000000E+00 0.00E+00 0.000000E+00 0.00E+00
  12 0.000000E+00 0.00E+00 0.000000E+00 0.00E+00 0.000000E+00 0.00E+00-0.146532E-03 0.83E-05 0.000000E+00 0.00E+00 0.000000E+00 0.00E+00 0.000000E+00 0.00E+00 0.000000E+00 0.00E+00 0.000000E+00 0.00E+00
   1 0.124511E-01 0.54E-04-0.600000E-01 0.00E+00-0.374195E-01 0.38E-03-0.674024E-02 0.27E-03 0.127214E-01 0.64E-03 0.566987E-01 0.32E-02 0.000000E+00 0.00E+00 0.000000E+00 0.00E+00 0.000000E+00 0.00E+00
   2 0.163993E-01 0.46E-04-0.200000E-02 0.00E+00-0.801570E-01 0.29E-03-0.424358E-01 0.25E-03 0.139450E-01 0.43E-03 0.113343E+00 0.55E-02 0.000000E+00 0.00E+00 0.000000E+00 0.00E+00 0.000000E+00 0.00E+00
   3 0.184118E-02 0.16E-04 0.000000E+00 0.00E+00-0.203183E-02 0.91E-04 0.315593E-02 0.72E-04 0.101659E-01 0.13E-03 0.000000E+00 0.00E+00 0.000000E+00 0.00E+00 0.000000E+00 0.00E+00 0.000000E+00 0.00E+00
   4 0.000000E+00 0.00E+00 0.000000E+00 0.00E+00 0.000000E+00 0.00E+00 0.000000E+00 0.00E+00 0.000000E+00 0.00E+00 0.000000E+00 0.00E+00 0.000000E+00 0.00E+00 0.000000E+00 0.00E+00 0.000000E+00 0.00E+00
   5 0.000000E+00 0.00E+00 0.000000E+00 0.00E+00 0.000000E+00 0.00E+00 0.000000E+00 0.00E+00 0.000000E+00 0.00E+00 0.000000E+00 0.00E+00 0.000000E+00 0.00E+00 0.000000E+00 0.00E+00 0.000000E+00 0.00E+00
   6-0.315748E+01 0.32E-02 0.000000E+00 0.00E+00-0.300000E+01 0.00E+00 0.330330E+01 0.17E-01-0.300000E+01 0.00E+00 0.000000E+00 0.00E+00 0.000000E+00 0.00E+00 0.000000E+00 0.00E+00 0.000000E+00 0.00E+00
   7 0.933933E-02 0.20E-04 0.000000E+00 0.00E+00 0.000000E+00 0.00E+00-0.143711E-02 0.13E-03 0.000000E+00 0.00E+00 0.000000E+00 0.00E+00 0.000000E+00 0.00E+00 0.000000E+00 0.00E+00 0.000000E+00 0.00E+00
   8 0.235330E-02 0.42E-04 0.000000E+00 0.00E+00 0.000000E+00 0.00E+00-0.119129E-01 0.26E-03 0.000000E+00 0.00E+00 0.000000E+00 0.00E+00 0.000000E+00 0.00E+00 0.000000E+00 0.00E+00 0.000000E+00 0.00E+00
   9 0.000000E+00 0.00E+00 0.000000E+00 0.00E+00 0.000000E+00 0.00E+00 0.000000E+00 0.00E+00 0.000000E+00 0.00E+00 0.000000E+00 0.00E+00 0.000000E+00 0.00E+00 0.000000E+00 0.00E+00 0.000000E+00 0.00E+00
  10 0.000000E+00 0.00E+00 0.000000E+00 0.00E+00 0.000000E+00 0.00E+00 0.000000E+00 0.00E+00 0.000000E+00 0.00E+00 0.000000E+00 0.00E+00 0.000000E+00 0.00E+00 0.000000E+00 0.00E+00 0.000000E+00 0.00E+00
  11 0.000000E+00 0.00E+00 0.000000E+00 0.00E+00 0.000000E+00 0.00E+00 0.000000E+00 0.00E+00 0.000000E+00 0.00E+00 0.000000E+00 0.00E+00 0.000000E+00 0.00E+00 0.000000E+00 0.00E+00 0.000000E+00 0.00E+00
  12 0.000000E+00 0.00E+00 0.000000E+00 0.00E+00 0.000000E+00 0.00E+00 0.000000E+00 0.00E+00 0.000000E+00 0.00E+00 0.000000E+00 0.00E+00 0.000000E+00 0.00E+00 0.000000E+00 0.00E+00 0.000000E+00 0.00E+00
  13 0.000000E+00 0.00E+00 0.000000E+00 0.00E+00 0.000000E+00 0.00E+00 0.000000E+00 0.00E+00 0.000000E+00 0.00E+00 0.000000E+00 0.00E+00 0.000000E+00 0.00E+00 0.000000E+00 0.00E+00 0.000000E+00 0.00E+00
  14 0.234802E-04 0.25E-06 0.000000E+00 0.00E+00-0.446078E-05 0.29E-05 0.229275E-04 0.71E-06 0.166581E-04 0.40E-05 0.000000E+00 0.00E+00 0.000000E+00 0.00E+00 0.000000E+00 0.00E+00 0.000000E+00 0.00E+00
  15 0.000000E+00 0.00E+00 0.000000E+00 0.00E+00 0.000000E+00 0.00E+00 0.000000E+00 0.00E+00 0.000000E+00 0.00E+00 0.000000E+00 0.00E+00 0.000000E+00 0.00E+00 0.000000E+00 0.00E+00 0.000000E+00 0.00E+00
   1 0.374741E-02 0.41E-04 0.587800E-01 0.00E+00-0.118704E+00 0.21E-03 0.187625E+00 0.25E-03 0.112698E+00 0.49E-03 0.000000E+00 0.00E+00 0.000000E+00 0.00E+00 0.000000E+00 0.00E+00 0.000000E+00 0.00E+00
   2 0.242116E-02 0.92E-04 0.000000E+00 0.00E+00 0.186948E-01 0.46E-03 0.374136E-01 0.54E-03-0.692745E-02 0.95E-03 0.000000E+00 0.00E+00 0.000000E+00 0.00E+00 0.000000E+00 0.00E+00 0.000000E+00 0.00E+00
   1 0.189276E-01 0.30E-04 0.000000E+00 0.00E+00 0.243681E+00 0.19E-03 0.195476E+00 0.18E-03 0.132356E+00 0.49E-03 0.000000E+00 0.00E+00 0.000000E+00 0.00E+00 0.000000E+00 0.00E+00 0.000000E+00 0.00E+00
   2-0.939608E-02 0.68E-04 0.000000E+00 0.00E+00-0.102450E+00 0.41E-03 0.288238E-01 0.39E-03 0.424210E-01 0.97E-03 0.000000E+00 0.00E+00 0.000000E+00 0.00E+00 0.000000E+00 0.00E+00 0.000000E+00 0.00E+00
   1-0.161127E+00 0.16E-03 0.330100E+00 0.00E+00-0.129396E+01 0.89E-03 0.577577E+00 0.14E-02 0.784406E-02 0.17E-02-0.489112E-01 0.50E-01 0.000000E+00 0.00E+00 0.000000E+00 0.00E+00-0.287035E+00 0.13E-02
   2-0.287185E-01 0.98E-04 0.104500E+00 0.00E+00-0.185122E-01 0.00E+00 0.300331E-01 0.58E-03-0.314273E-01 0.00E+00 0.000000E+00 0.00E+00 0.000000E+00 0.00E+00 0.000000E+00 0.00E+00 0.000000E+00 0.00E+00
   3-0.169725E-04 0.27E-05 0.000000E+00 0.00E+00 0.328268E-02 0.14E-04-0.119639E-02 0.26E-04-0.809662E-04 0.31E-04-0.148810E-02 0.69E-03 0.000000E+00 0.00E+00 0.000000E+00 0.00E+00-0.288657E-03 0.22E-04
   1-0.110240E-01 0.37E-04-0.906500E-01 0.00E+00 0.176955E-01 0.28E-03-0.155048E-01 0.26E-03-0.705737E-02 0.73E-03 0.000000E+00 0.00E+00 0.000000E+00 0.00E+00 0.000000E+00 0.00E+00 0.000000E+00 0.00E+00
   2 0.000000E+00 0.00E+00 0.000000E+00 0.00E+00 0.958836E-03 0.41E-03-0.137295E-02 0.36E-03 0.000000E+00 0.00E+00 0.000000E+00 0.00E+00 0.000000E+00 0.00E+00 0.000000E+00 0.00E+00 0.000000E+00 0.00E+00
   3 0.000000E+00 0.00E+00 0.000000E+00 0.00E+00 0.000000E+00 0.00E+00-0.254598E-04 0.44E-05 0.000000E+00 0.00E+00 0.000000E+00 0.00E+00 0.000000E+00 0.00E+00 0.000000E+00 0.00E+00 0.000000E+00 0.00E+00
   1-0.117576E+00 0.15E-03 0.209400E+00 0.00E+00-0.867301E-01 0.77E-03 0.388505E-01 0.10E-02 0.139128E+00 0.14E-02-0.124313E+00 0.12E+00 0.000000E+00 0.00E+00 0.000000E+00 0.00E+00-0.194059E+00 0.83E-03
   2-0.209777E-02 0.27E-04 0.283000E-01 0.00E+00-0.618236E-02 0.00E+00-0.229533E-01 0.19E-03-0.326372E-02 0.56E-03 0.000000E+00 0.00E+00 0.000000E+00 0.00E+00 0.000000E+00 0.00E+00 0.000000E+00 0.00E+00
   3-0.227641E-03 0.22E-05 0.000000E+00 0.00E+00-0.336459E-03 0.11E-04 0.525249E-03 0.17E-04 0.141880E-02 0.30E-04-0.133293E-02 0.15E-02 0.000000E+00 0.00E+00 0.000000E+00 0.00E+00-0.726240E-03 0.17E-04
   4-0.117947E-01 0.57E-04 0.857100E-01 0.00E+00-0.436004E-01 0.00E+00 0.794550E-01 0.38E-03 0.000000E+00 0.00E+00 0.000000E+00 0.00E+00 0.000000E+00 0.00E+00 0.000000E+00 0.00E+00 0.000000E+00 0.00E+00
   5 0.137060E-01 0.83E-04-0.247500E-01 0.00E+00-0.211925E-01 0.38E-03 0.246776E-02 0.42E-03 0.000000E+00 0.00E+00 0.000000E+00 0.00E+00 0.000000E+00 0.00E+00 0.000000E+00 0.00E+00 0.000000E+00 0.00E+00
   6-0.123803E+00 0.14E-03 0.383000E+00 0.00E+00 0.325588E+00 0.69E-03 0.760400E-01 0.88E-03-0.520249E-02 0.12E-02-0.522246E-01 0.98E-02 0.000000E+00 0.00E+00 0.000000E+00 0.00E+00-0.493021E-01 0.72E-03
   7 0.580987E-02 0.29E-04 0.294100E-01 0.00E+00-0.213723E-01 0.00E+00-0.504154E-01 0.19E-03 0.332967E-01 0.34E-03 0.000000E+00 0.00E+00 0.000000E+00 0.00E+00 0.000000E+00 0.00E+00 0.000000E+00 0.00E+00
   8-0.192583E-03 0.19E-05 0.000000E+00 0.00E+00 0.334899E-04 0.11E-04-0.160890E-02 0.13E-04-0.479148E-03 0.22E-04-0.146260E-02 0.16E-03 0.000000E+00 0.00E+00 0.000000E+00 0.00E+00 0.127179E-02 0.13E-04
   9 0.453610E-03 0.59E-04-0.397400E-02 0.00E+00-0.367273E-02 0.00E+00 0.229263E-02 0.34E-03 0.000000E+00 0.00E+00 0.000000E+00 0.00E+00 0.000000E+00 0.00E+00 0.000000E+00 0.00E+00 0.000000E+00 0.00E+00
  10-0.126298E-02 0.73E-04 0.435600E-01 0.00E+00-0.895480E-01 0.38E-03 0.132130E-01 0.36E-03 0.000000E+00 0.00E+00 0.000000E+00 0.00E+00 0.000000E+00 0.00E+00 0.000000E+00 0.00E+00 0.000000E+00 0.00E+00
  11 0.000000E+00 0.00E+00 0.000000E+00 0.00E+00 0.000000E+00 0.00E+00 0.000000E+00 0.00E+00 0.000000E+00 0.00E+00 0.000000E+00 0.00E+00 0.000000E+00 0.00E+00 0.000000E+00 0.00E+00 0.000000E+00 0.00E+00
  12 0.000000E+00 0.00E+00 0.000000E+00 0.00E+00 0.000000E+00 0.00E+00 0.000000E+00 0.00E+00 0.000000E+00 0.00E+00 0.000000E+00 0.00E+00 0.000000E+00 0.00E+00 0.000000E+00 0.00E+00 0.000000E+00 0.00E+00
   1-0.230933E-02 0.43E-04 0.000000E+00 0.00E+00 0.552308E-01 0.27E-03 0.314788E-01 0.18E-03 0.186476E-05 0.37E-03 0.335029E-01 0.33E-02 0.000000E+00 0.00E+00 0.000000E+00 0.00E+00 0.000000E+00 0.00E+00
   2-0.933056E-03 0.59E-05 0.000000E+00 0.00E+00 0.000000E+00 0.00E+00 0.673629E-02 0.35E-04 0.000000E+00 0.00E+00-0.905135E-03 0.14E-02 0.000000E+00 0.00E+00 0.000000E+00 0.00E+00 0.000000E+00 0.00E+00
   3 0.228245E-02 0.13E-04 0.000000E+00 0.00E+00 0.513138E-02 0.00E+00-0.617922E-02 0.76E-04 0.000000E+00 0.00E+00 0.000000E+00 0.00E+00 0.000000E+00 0.00E+00 0.000000E+00 0.00E+00 0.000000E+00 0.00E+00
   4 0.925150E-02 0.43E-04 0.000000E+00 0.00E+00-0.350204E-01 0.27E-03 0.714433E-02 0.18E-03 0.337663E-01 0.40E-03-0.603573E-01 0.40E-02 0.000000E+00 0.00E+00 0.000000E+00 0.00E+00 0.000000E+00 0.00E+00
   5-0.114830E-02 0.54E-05 0.000000E+00 0.00E+00 0.000000E+00 0.00E+00 0.170177E-02 0.34E-04 0.000000E+00 0.00E+00 0.658569E-02 0.13E-02 0.000000E+00 0.00E+00 0.000000E+00 0.00E+00 0.000000E+00 0.00E+00
   6 0.342218E-02 0.12E-04 0.000000E+00 0.00E+00 0.855631E-02 0.00E+00-0.298710E-02 0.73E-04 0.000000E+00 0.00E+00 0.000000E+00 0.00E+00 0.000000E+00 0.00E+00 0.000000E+00 0.00E+00 0.000000E+00 0.00E+00
   7 0.000000E+00 0.00E+00 0.000000E+00 0.00E+00 0.000000E+00 0.00E+00 0.000000E+00 0.00E+00 0.000000E+00 0.00E+00 0.000000E+00 0.00E+00 0.000000E+00 0.00E+00 0.000000E+00 0.00E+00 0.000000E+00 0.00E+00
   8 0.000000E+00 0.00E+00 0.000000E+00 0.00E+00 0.000000E+00 0.00E+00 0.000000E+00 0.00E+00 0.000000E+00 0.00E+00 0.000000E+00 0.00E+00 0.000000E+00 0.00E+00 0.000000E+00 0.00E+00 0.000000E+00 0.00E+00
   9 0.288307E-04 0.43E-06 0.000000E+00 0.00E+00 0.610215E-03 0.41E-05 0.613503E-04 0.26E-05-0.957324E-03 0.58E-05 0.000000E+00 0.00E+00 0.000000E+00 0.00E+00 0.000000E+00 0.00E+00 0.000000E+00 0.00E+00
  10 0.536250E-04 0.43E-06 0.000000E+00 0.00E+00-0.970241E-04 0.39E-05-0.180196E-03 0.26E-05 0.130175E-04 0.66E-05 0.000000E+00 0.00E+00 0.000000E+00 0.00E+00 0.000000E+00 0.00E+00 0.000000E+00 0.00E+00
  11 0.000000E+00 0.00E+00 0.000000E+00 0.00E+00 0.000000E+00 0.00E+00 0.000000E+00 0.00E+00 0.000000E+00 0.00E+00 0.000000E+00 0.00E+00 0.000000E+00 0.00E+00 0.000000E+00 0.00E+00 0.000000E+00 0.00E+00
  12 0.000000E+00 0.00E+00 0.000000E+00 0.00E+00 0.000000E+00 0.00E+00 0.000000E+00 0.00E+00 0.000000E+00 0.00E+00 0.000000E+00 0.00E+00 0.000000E+00 0.00E+00 0.000000E+00 0.00E+00 0.000000E+00 0.00E+00
   1 0.105428E-03 0.46E-05 0.000000E+00 0.00E+00 0.195706E-02 0.00E+00 0.258631E-02 0.28E-04-0.502743E-02 0.73E-04 0.000000E+00 0.00E+00 0.000000E+00 0.00E+00 0.000000E+00 0.00E+00 0.000000E+00 0.00E+00
   2 0.146342E-02 0.35E-05 0.000000E+00 0.00E+00-0.450339E-02 0.00E+00-0.337832E-02 0.24E-04 0.565239E-03 0.72E-04 0.000000E+00 0.00E+00 0.000000E+00 0.00E+00 0.000000E+00 0.00E+00 0.000000E+00 0.00E+00
   1 0.000000E+00 0.00E+00 0.000000E+00 0.00E+00 0.000000E+00 0.00E+00 0.000000E+00 0.00E+00 0.000000E+00 0.00E+00 0.000000E+00 0.00E+00 0.000000E+00 0.00E+00 0.000000E+00 0.00E+00 0.000000E+00 0.00E+00
   2 0.000000E+00 0.00E+00 0.000000E+00 0.00E+00 0.000000E+00 0.00E+00 0.000000E+00 0.00E+00 0.000000E+00 0.00E+00 0.000000E+00 0.00E+00 0.000000E+00 0.00E+00 0.000000E+00 0.00E+00 0.000000E+00 0.00E+00
   3 0.000000E+00 0.00E+00 0.000000E+00 0.00E+00 0.000000E+00 0.00E+00 0.000000E+00 0.00E+00 0.000000E+00 0.00E+00 0.000000E+00 0.00E+00 0.000000E+00 0.00E+00 0.000000E+00 0.00E+00 0.000000E+00 0.00E+00
   4 0.000000E+00 0.00E+00 0.000000E+00 0.00E+00 0.000000E+00 0.00E+00 0.000000E+00 0.00E+00 0.000000E+00 0.00E+00 0.000000E+00 0.00E+00 0.000000E+00 0.00E+00 0.000000E+00 0.00E+00 0.000000E+00 0.00E+00
   5 0.000000E+00 0.00E+00 0.000000E+00 0.00E+00 0.000000E+00 0.00E+00 0.000000E+00 0.00E+00 0.000000E+00 0.00E+00 0.000000E+00 0.00E+00 0.000000E+00 0.00E+00 0.000000E+00 0.00E+00 0.000000E+00 0.00E+00
   6 0.000000E+00 0.00E+00 0.000000E+00 0.00E+00 0.000000E+00 0.00E+00 0.000000E+00 0.00E+00 0.000000E+00 0.00E+00 0.000000E+00 0.00E+00 0.000000E+00 0.00E+00 0.000000E+00 0.00E+00 0.000000E+00 0.00E+00
   7 0.000000E+00 0.00E+00 0.000000E+00 0.00E+00 0.000000E+00 0.00E+00 0.000000E+00 0.00E+00 0.000000E+00 0.00E+00 0.000000E+00 0.00E+00 0.000000E+00 0.00E+00 0.000000E+00 0.00E+00 0.000000E+00 0.00E+00
   8 0.000000E+00 0.00E+00 0.000000E+00 0.00E+00 0.000000E+00 0.00E+00 0.000000E+00 0.00E+00 0.000000E+00 0.00E+00 0.000000E+00 0.00E+00 0.000000E+00 0.00E+00 0.000000E+00 0.00E+00 0.000000E+00 0.00E+00
   9 0.000000E+00 0.00E+00 0.000000E+00 0.00E+00 0.000000E+00 0.00E+00 0.000000E+00 0.00E+00 0.000000E+00 0.00E+00 0.000000E+00 0.00E+00 0.000000E+00 0.00E+00 0.000000E+00 0.00E+00 0.000000E+00 0.00E+00
   1 0.000000E+00 0.00E+00 0.000000E+00 0.00E+00 0.000000E+00 0.00E+00 0.000000E+00 0.00E+00 0.000000E+00 0.00E+00 0.000000E+00 0.00E+00 0.000000E+00 0.00E+00 0.000000E+00 0.00E+00 0.000000E+00 0.00E+00
   2 0.000000E+00 0.00E+00 0.000000E+00 0.00E+00 0.000000E+00 0.00E+00 0.000000E+00 0.00E+00 0.000000E+00 0.00E+00 0.000000E+00 0.00E+00 0.000000E+00 0.00E+00 0.000000E+00 0.00E+00 0.000000E+00 0.00E+00
   3 0.000000E+00 0.00E+00 0.000000E+00 0.00E+00 0.000000E+00 0.00E+00 0.000000E+00 0.00E+00 0.000000E+00 0.00E+00 0.000000E+00 0.00E+00 0.000000E+00 0.00E+00 0.000000E+00 0.00E+00 0.000000E+00 0.00E+00
   4 0.000000E+00 0.00E+00 0.000000E+00 0.00E+00 0.000000E+00 0.00E+00 0.000000E+00 0.00E+00 0.000000E+00 0.00E+00 0.000000E+00 0.00E+00 0.000000E+00 0.00E+00 0.000000E+00 0.00E+00 0.000000E+00 0.00E+00
   5 0.000000E+00 0.00E+00 0.000000E+00 0.00E+00 0.000000E+00 0.00E+00 0.000000E+00 0.00E+00 0.000000E+00 0.00E+00 0.000000E+00 0.00E+00 0.000000E+00 0.00E+00 0.000000E+00 0.00E+00 0.000000E+00 0.00E+00
   6 0.000000E+00 0.00E+00 0.000000E+00 0.00E+00 0.000000E+00 0.00E+00 0.000000E+00 0.00E+00 0.000000E+00 0.00E+00 0.000000E+00 0.00E+00 0.000000E+00 0.00E+00 0.000000E+00 0.00E+00 0.000000E+00 0.00E+00
   7 0.000000E+00 0.00E+00 0.000000E+00 0.00E+00 0.000000E+00 0.00E+00 0.000000E+00 0.00E+00 0.000000E+00 0.00E+00 0.000000E+00 0.00E+00 0.000000E+00 0.00E+00 0.000000E+00 0.00E+00 0.000000E+00 0.00E+00
   8 0.000000E+00 0.00E+00 0.000000E+00 0.00E+00 0.000000E+00 0.00E+00 0.000000E+00 0.00E+00 0.000000E+00 0.00E+00 0.000000E+00 0.00E+00 0.000000E+00 0.00E+00 0.000000E+00 0.00E+00 0.000000E+00 0.00E+00
   9 0.000000E+00 0.00E+00 0.000000E+00 0.00E+00 0.000000E+00 0.00E+00 0.000000E+00 0.00E+00 0.000000E+00 0.00E+00 0.000000E+00 0.00E+00 0.000000E+00 0.00E+00 0.000000E+00 0.00E+00 0.000000E+00 0.00E+00
  10 0.000000E+00 0.00E+00 0.000000E+00 0.00E+00 0.000000E+00 0.00E+00 0.000000E+00 0.00E+00 0.000000E+00 0.00E+00 0.000000E+00 0.00E+00 0.000000E+00 0.00E+00 0.000000E+00 0.00E+00 0.000000E+00 0.00E+00
   1-0.187695E+03 0.11E+01 0.922700E+02 0.00E+00 0.213532E+03 0.00E+00 0.115648E+02 0.00E+00 0.185473E+03 0.23E+01 0.000000E+00 0.00E+00 0.000000E+00 0.00E+00 0.000000E+00 0.00E+00 0.000000E+00 0.00E+00
   2-0.934551E+02 0.52E+00 0.000000E+00 0.00E+00 0.110405E+03 0.00E+00 0.106389E+03 0.00E+00 0.893865E+02 0.64E+00 0.000000E+00 0.00E+00 0.000000E+00 0.00E+00 0.000000E+00 0.00E+00 0.000000E+00 0.00E+00
   3-0.213204E-01 0.16E+00-0.147700E+02 0.00E+00-0.187032E+03 0.00E+00 0.311944E+01 0.25E-01-0.200511E+03 0.44E+00 0.000000E+00 0.00E+00 0.000000E+00 0.00E+00 0.000000E+00 0.00E+00 0.000000E+00 0.00E+00
   4-0.174238E+03 0.50E+00-0.720000E+02 0.00E+00-0.216706E+03 0.00E+00 0.135770E+03 0.26E+00 0.594564E+02 0.12E+01 0.000000E+00 0.00E+00 0.000000E+00 0.00E+00 0.000000E+00 0.00E+00 0.000000E+00 0.00E+00
