1601012488196053503317102017260 80 56 48 18  6  4  7  6 281.26---095.10
1601022488203023302323171713177 15  9 15  9  9  6  6  5  90.52---096.60
160103248821 31720 713231727127  2  6  7  3  5  9  6 12  60.31---098.50
160104248822 31717 7 72017 7 93  2  6  6  3  3  7  6  3  40.21---092.20
160105248823 310101710202320113  2  4  4  6  4  7  9  7  50.21---092.10
1601062488244727303327232333243 39 12 15 18 12  9  9 18 160.94---096.90
1601072488254027273327272313217 27 12 12 18 12 12  9  5 130.84---099.90
1601082488261023172330131313143  4  9  6  9 15  5  5  5  70.42---104.90
1601092488271710131020171013110  6  4  5  4  7  6  4  5  50.21---103.50
1601102489 12317102023132327157  9  6  4  7  9  5  9 12  80.42---105.40
1601112489 21327231720304037207  5 12  9  6  7 15 27 22 130.73---104.50
1601122489 34020272323203030213 27  7 12  9  9  7 15 15 130.73---102.00
1601132489 44040201723233010203 27 27  7  6  9  9 15  4 130.73---100.70
1601142489 51320232017171727153  5  7  9  7  6  6  6 12  70.42---099.90
1601152489 6202010 7 7101010 93  7  7  4  3  3  4  4  4  40.21---100.10
1601162489 7 010 71310 3 3 3 50  0  4  3  5  4  2  2  2  30.00---096.70
1601172489 8 3 013 71010 7 3 53  2  0  5  3  4  4  3  2  30.10---097.40
1601182489 9 0 0 0 31017 730 67  0  0  0  2  4  6  3 15  40.10---096.70
160119248910432723271313 310160 32 12  9 12  5  5  2  4 100.63---094.40
160120248911 320334347474743283  2  7 18 32 39 39 39 32 261.26---097.20
1601212489123757533327374047330 22 67 56 18 12 22 27 39 331.36---100.70
1601222489133333333023172723220 18 18 18 15  9  6 12  9 130.84---097.30
1601232489141333372030271713190  5 18 22  7 15 12  6  5 110.63---095.80
1601242489152723171013234010163 12  9  6  4  5  9 27  4 100.52---100.60
160125248916 3 3 7 3 3 3 0 0 23  2  2  3  2  2  2  0  0  20.00---104.30
160126248917 0 0 71010131710 67  0  0  3  4  4  5  6  4  30.10---111.30
1601272489181020101310 7 0 3 73  4  7  4  5  4  3  0  2  40.10---109.30
160128248919 3 023231010 7 7 83  2  0  9  9  4  4  3  3  40.10---106.60
160129248920 3 7 7 7 7 7 3 7 47  2  3  3  3  3  3  2  3  30.00---103.70
160130248921 3 0 3 3 3 7 0 7 27  2  0  2  2  2  3  0  3  20.00---102.00
1601312489221017232320201737167  4  6  9  9  7  7  6 22  90.52---098.30
16020124892327372323 3 3 0 0117 12 22  9  9  2  2  0  0  70.42---097.30
160202248924 0 010 713202027 97  0  0  4  3  5  7  7 12  50.21---099.10
16020324892540472710 710 7 3150 27 39 12  4  3  4  3  2 120.73---108.90
160204248926 3 31317231713 7 97  2  2  5  6  9  6  5  3  50.21---119.80
1602052489272733232320202320190 12 18  9  9  7  7  9  7 100.52---116.30
1602062490 11723131313171723137  6  9  5  5  5  6  6  9  60.31---113.90
1602072490 220 3101320372020143  7  2  4  5  7 22  7  7  80.42---113.90
1602082490 350434317131010 3190 48 32 32  6  5  4  4  2 170.94---112.10
1602092490 42010133027131327153  7  4  5 15 12  5  5 12  80.42---114.10
1602102490 5271310 7 3 3 710 80 12  5  4  3  2  2  3  4  40.21---109.20
1602112490 62020201317231733163  7  7  7  5  6  9  6 18  80.42---109.80
1602122490 73323203730232020207 18  9  7 22 15  9  7  7 120.73---109.30
1602132490 8202730171010 7 7127  7 12 15  6  4  4  3  3  70.31---107.50
1602142490 92327202323301710173  9 12  7  9  9 15  6  4  90.52---105.40
1602152490102323301717101043173  9  9 15  6  6  4  4 32 110.63---104.70
1602162490114027334753505347350 27 12 18 39 56 48 56 39 371.46---101.50
1602172490125033433040374757337 48 18 32 15 27 22 39 67 341.36---097.50
1602182490134350404330334733320 32 48 27 32 15 18 39 18 291.36---092.70
1602192490143033233330373720243 15 18  9 18 15 22 22  7 160.94---091.90
160220249015232020 710 7 3 3 93  9  7  7  3  4  3  2  2  50.21---097.80
1602212490161017 7 0 7 71717 80  4  6  3  0  3  3  6  6  40.10---093.50
160222249017 0 0 0 71010 710 43  0  0  0  3  4  4  3  4  20.00---091.70
16022324901823 7 3 3 7 71730 97  9  3  2  2  3  3  6 15  50.21---089.10
1602242490192717131023101317130 12  6  5  4  9  4  5  6  60.31---086.10
1602252490201717171010 7 720103  6  6  6  4  4  3  3  7  50.21---089.90
1602262490213727171013 710 0120 22 12  6  4  5  3  4  0  70.42---087.20
160227249022 0131310 3 3 7 7 57  0  5  5  4  2  2  3  3  30.10---088.60
16022824902310 0131010 3 3 7 57  4  0  5  4  4  2  2  3  30.10---091.50
16022924902420 0 71010 3 320 73  7  0  3  4  4  2  2  7  40.10---089.30
1603012490253020171720171027157 15  7  6  6  7  6  4 12  80.42---095.10
1603022490262310 720232710 3123  9  4  3  7  9 12  4  2  60.31---096.50
160303249027172320232010 313130  6  9  7  9  7  4  2  5  60.31---097.10
1603042491 12717 0 7 3 7 3 3 67 12  6  0  3  2  3  2  2  40.10---098.90
1603052491 2 0 3131320 3 0 3 57  0  2  5  5  7  2  0  2  30.10---094.70
1603062491 3 0 7202027506063247  0  3  7  7 12 48 80 94 311.36---094.10
1603072491 44347372727333747297 32 39 22 12 12 18 22 39 241.26---092.80
1603082491 523201717201323 7140  9  7  6  6  7  5  9  3  60.31---094.20
1603092491 62017131320171317130  7  6  5  5  7  6  5  6  60.31---096.00
1603102491 72027171313101723140  7 12  6  5  5  4  6  9  70.31---093.70
1603112491 81327303353303327247  5 12 15 18 56 15 18 12 191.05---093.00
1603122491 930302017103333 7180 15 15  7  6  4 18 18  3 110.63---093.90
160313249110 317 710 7 3 0 7 53  2  6  3  4  3  2  0  3  30.10---091.50
16031424911117131310 7233350167  6  5  5  4  3  9 18 48 120.73---092.40
1603152491124040433313275333283 27 27 32 18  5 12 56 18 241.26---093.10
1603162491135027273027133047250 48 12 12 15 12  5 15 39 201.05---090.10
1603172491144747374020333027280 39 39 22 27  7 18 15 12 221.15---090.70
1603182491151320231720202023157  5  7  9  6  7  7  7  9  70.42---089.50
1603192491162030373730372310223  7 15 22 22 15 22  9  4 140.84---088.60
1603202491171327131317373717173  5 12  5  5  6 22 22  6 100.63---086.90
1603212491182013171717171023133  7  5  6  6  6  6  4  9  60.31---088.20
1603222491192323132010 3 317113  9  9  5  7  4  2  2  6  60.21---086.70
1603232491201733371717101327170  6 18 22  6  6  4  5 12 100.63---086.20
160324249121271717101313 713117 12  6  6  4  5  5  3  5  60.31---086.00
160325249122301710131010 3 0 93 15  6  4  5  4  4  2  0  50.21---085.10
160326249123 0 0 7 3 7 3 7 7 33  0  0  3  2  3  2  3  3  20.00---085.10
1603272491242720302723332320203 12  7 15 12  9 18  9  7 110.63---087.90
160328249125203710 717132727157  7 22  4  3  6  5 12 12  90.52---087.40
1603292491263333232727271313197 18 18  9 12 12 12  5  5 110.73---087.50
1603302491273317132033233320193 18  6  5  7 18  9 18  7 110.63---083.60
1603312492 1302713 71010 310110 15 12  5  3  4  4  2  4  60.31---081.60
1604012492 213 0 0 0 3 310 7 37  5  0  0  0  2  2  4  3  20.00---082.00
1604022492 320 3 0 327504350197  7  2  0  2 12 48 32 48 191.05---081.50
1604032492 443333027 7171737210 32 18 15 12  3  6  6 22 140.84---082.30
1604042492 52727101317 3 310110 12 12  4  5  6  2  2  4  60.31---083.50
1604052492 61010 3 720132713103  4  4  2  3  7  5 12  5  50.21---083.50
1604062492 7201013232020 710123  7  4  5  9  7  7  3  4  60.31---087.20
1604072492 82010 71310234757187  7  4  3  5  4  9 39 67 170.94---092.50
1604082492 9472710 7 3 3 7 3107 39 12  4  3  2  2  3  2  80.52---098.60
160409249210 0 0 0 3 710 3 3 27  0  0  0  2  3  4  2  2  20.00---105.90
1604102492111020271713 7 723123  4  7 12  6  5  3  3  9  60.31---111.10
160411249212 0 0 0 717301710 80  0  0  0  3  6 15  6  4  40.10---117.20
1604122492132727132033334050243 12 12  5  7 18 18 27 48 181.05---111.90
1604132492145037404040373327303 48 22 27 27 27 22 18 12 251.26---108.80
1604142492153330234340473333283 18 15  9 32 27 39 18 18 221.15---111.80
1604152492164020 3 713201317133 27  7  2  3  5  7  5  6  80.42---113.20
160416249217 3 3202320303737173  2  2  7  9  7 15 22 22 110.63---114.00
1604172492183740332027304027253 22 27 18  7 12 15 27 12 181.05---102.90
16041824921923101713 7 010 7 87  9  4  6  5  3  0  4  3  40.10---095.40
160419249220 0 3 3 310 3 0 3 27  0  2  2  2  4  2  0  2  20.00---089.90
160420249221 0131013 7 3 3 7 57  0  5  4  5  3  2  2  3  30.10---084.00
160421249222 317 71010131310 83  2  6  3  4  4  5  5  4  40.10---077.50
1604222492232013131730372740197  7  5  5  6 15 22 12 27 120.73---077.50
1604232492241323101723172747177  5  9  4  6  9  6 12 39 110.63---079.60
1604242492251313171730403310173  5  5  6  6 15 27 18  4 110.63---082.80
16042524922610131717171310 0 97  4  5  6  6  6  5  4  0  40.21---082.90
160426249227 7 7 71317102027107  3  3  3  5  6  4  7 12  50.21---086.30
1604272493 11020231727302323173  4  7  9  6 12 15  9  9  90.52---093.80
1604282493 22010101010 3 7 3 73  7  4  4  4  4  2  3  2  40.10---096.30
1604292493 3 710 0 3 3 310 7 43  3  4  0  2  2  2  4  3  20.00---093.80
1604302493 4 313131320202330137  2  5  5  5  7  7  9 15  70.31---095.40
1605012493 52320202330334037227  9  7  7  9 15 18 27 22 140.84---093.60
1605022493 65057172327334747300 48 67  6  9 12 18 39 39 301.36---091.30
1605032493 73333231713171723177 18 18  9  6  5  6  6  9 100.52---091.50
1605042493 81710 0101010 3 7 67  6  4  0  4  4  4  2  3  30.10---091.60
1605052493 9 013172020231020123  0  5  6  7  7  9  4  7  60.31---088.70
1605062493102317172730374330223  9  6  6 12 15 22 32 15 150.84---091.20
1605072493113710132017201030157 22  4  5  7  6  7  4 15  90.52---089.70
1605082493125763604753575763457 67 94 80 39 56 67 67 94 701.87---085.60
1605092493136337273337304040307 94 22 12 18 22 15 27 27 301.36---090.20
1605102493143037302333232023220 15 22 15  9 18  9  7  9 130.73---090.50
1605112493152717 3 3 3131320100 12  6  2  2  2  5  5  7  50.21---095.80
160512249316 710 71010 0 710 60  3  4  3  4  4  0  3  4  30.10---093.90
16051324931710 7171320172320127  4  3  6  5  7  6  9  7  60.31---095.40
1605142493182313202020102733167  9  5  7  7  7  4 12 18  90.52---103.40
1605152493193027201333373710207 15 12  7  5 18 22 22  4 130.84---110.80
1605162493202330273033232313203  9 15 12 15 18  9  9  5 120.73---104.30
1605172493212320332730272730217  9  7 18 12 15 12 12 15 120.73---105.60
160518249322172717232313 710137  6 12  6  9  9  5  3  4  70.31---104.70
16051924932313 72317232720 7137  5  3  9  6  9 12  7  3  70.31---101.20
1605202493242323131010 3 720110  9  9  5  4  4  2  3  7  50.21---102.00
1605212493252330472327333010223  9 15 39  9 12 18 15  4 150.94---100.20
160522249326172320272310 7 0127  6  9  7 12  9  4  3  0  60.31---099.80
160523249327 3101317 7 010 3 63  2  4  5  6  3  0  4  2  30.10---099.80
1605242494 11310102313 3 7 7 87  5  4  4  9  5  2  3  3  40.21---096.70
1605252494 2 310 310 7 3 3 0 40  2  4  2  4  3  2  2  0  20.00---096.10
1605262494 3 0 3 3 3 3 71310 43  0  2  2  2  2  3  5  4  20.00---094.20
1605272494 42323102020203030177  9  9  4  7  7  7 15 15  90.52---092.80
1605282494 53023402320332723220 15  9 27  9  7 18 12  9 130.84---090.10
1605292494 61713131710131730130  6  5  5  6  4  5  6 15  60.31---085.30
1605302494 74027272310201323183 27 12 12  9  4  7  5  9 110.63---088.70
1605312494 81710231713233337173  6  4  9  6  5  9 18 22 100.63---089.00
1606012494 9171010 713132013103  6  4  4  3  5  5  7  5  50.21---088.40
160602249410 310 3 7 7 3 3 7 43  2  4  2  3  3  2  2  3  30.00---087.70
16060324941110 3 3 3 0 3 3 7 33  4  2  2  2  0  2  2  3  20.00---085.70
160604249412 7 3 3 3 3 71313 53  3  2  2  2  2  3  5  5  30.10---082.40
1606052494131320203753475347290  5  7  7 22 56 39 56 39 291.36---081.50
1606062494144353374037203017277 32 56 22 27 22  7 15  6 231.15---080.80
1606072494151713 72320203030160  6  5  3  9  7  7 15 15  80.52---080.80
1606082494162020 7201717 3 3107  7  7  3  7  6  6  2  2  50.21---082.60
16060924941720 7 3 310 7 7 3 60  7  3  2  2  4  3  3  2  30.10---087.80
160610249418 310 3 713133323107  2  4  2  3  5  5 18  9  60.31---087.50
1606112494193013171320202033167 15  5  6  5  7  7  7 18  90.52---090.90
1606122494201317231727303720183  5  6  9  6 12 15 22  7 100.63---097.10
16061324942127371317201017 7147 12 22  5  6  7  4  6  3  80.42---093.90
1606142494222717131720276340223 12  6  5  6  7 12 94 27 211.15---090.40
16061524942343202330272310 7183 32  7  9 15 12  9  4  3 110.73---090.10
1606162494241713132023201313133  6  5  5  7  9  7  5  5  60.31---091.00
16061724942513171720272323 7147  5  6  6  7 12  9  9  3  70.42---089.40
1606182494261723232323131717157  6  9  9  9  9  5  6  6  70.42---086.30
160619249427171720 71013 7 0 90  6  6  7  3  4  5  3  0  40.10---087.90
1606202495 1101013 3 7 71010 70  4  4  5  2  3  3  4  4  40.10---087.10
1606212495 2 7 7 3 710 7 7 3 50  3  3  2  3  4  3  3  2  30.10---082.90
1606222495 3 710 71317334733167  3  4  3  5  6 18 39 18 120.73---080.90
1606232495 41730 7 710332737167  6 15  3  3  4 18 12 22 100.63---080.00
1606242495 53337301723231730210 18 22 15  6  9  9  6 15 120.73---078.20
1606252495 6272017 710102027137 12  7  6  3  4  4  7 12  70.31---079.60
1606262495 71713171320303037177  6  5  6  5  7 15 15 22 100.63---079.20
1606272495 83023271010101320143 15  9 12  4  4  4  5  7  80.42---078.00
1606282495 923171313201310 3113  9  6  5  5  7  5  4  2  50.21---075.50
160629249510171010 7 71017 7 83  6  4  4  3  3  4  6  3  40.10---076.00
160630249511 3 7 3 7 3203027100  2  3  2  3  2  7 15 12  60.31---075.40
1607012495123320232013 7 0 3120 18  7  9  7  5  3  0  2  60.31---074.40
160702249513 71010 713102737120  3  4  4  3  5  4 12 22  70.42---073.30
1607032495142720131310232027153 12  7  5  5  4  9  7 12  80.42---074.80
1607042495151717201310 31710107  6  6  7  5  4  2  6  4  50.21---076.30
1607052495161013 7 3 3 3 7 7 53  4  5  3  2  2  2  3  3  30.10---074.90
160706249517 0 3 3 7 7101327 70  0  2  2  3  3  4  5 12  40.10---079.70
1607072495182727272733434743273 12 12 12 12 18 32 39 32 211.15---086.10
1607082495193323333740374023267 18  9 18 22 27 22 27  9 191.05---090.00
1607092495203323332330302317213 18  9 18  9 15 15  9  6 120.73---095.30
1607102495212320202727172320177  9  7  7 12 12  6  9  7  90.52---097.60
1607112495222327132027232727187  9 12  5  7 12  9 12 12 100.52---097.80
1607122495233043433723172733253 15 32 32 22  9  6 12 18 181.05---095.50
1607132495243020131717171320147 15  7  5  6  6  6  5  7  70.42---100.00
1607142495251723403317201720187  6  9 27 18  6  7  6  7 110.63---098.20
1607152495262330272717231727190  9 15 12 12  6  9  6 12 100.63---105.40
1607162495272713131330131710137 12  5  5  5 15  5  6  4  70.42---110.10
1607172496 11313 71013131320103  5  5  3  4  5  5  5  7  50.21---108.60
1607182496 2 7 710 7 3 3 313 53  3  3  4  3  2  2  2  5  30.10---110.60
1607192496 310 7 3 7 7 7 350 93  4  3  2  3  3  3  2 48  80.52---104.10
1607202496 45047372323232710240 48 39 22  9  9  9 12  4 191.05---111.50
1607212496 5 7 310131327 720100  3  2  4  5  5 12  3  7  50.21---103.30
1607222496 61313131723272317147  5  5  5  6  9 12  9  6  70.42---093.30
1607232496 72030301310 3 717130  7 15 15  5  4  2  3  6  70.42---088.90
1607242496 817 7101317374740187  6  3  4  5  6 22 39 27 140.84---084.80
1607252496 94037303037332723257 27 22 15 15 22 18 12  9 181.05---075.90
160726249610 713 7 310101013 73  3  5  3  2  4  4  4  5  40.10---075.90
160727249611 7 3 0 0 3 3 720 43  3  2  0  0  2  2  3  7  20.00---073.80
1607282496122333301720274033223  9 18 15  6  7 12 27 18 140.84---072.50
1607292496133337303023232717220 18 22 15 15  9  9 12  6 130.84---072.60
16073024961430131010 7 71010 97 15  5  4  4  3  3  4  4  50.21---073.10
16073124961517 3 310 310 7 0 53  6  2  2  4  2  4  3  0  30.10---073.70
16080124961613 3 0 0 3 7 713 47  5  2  0  0  2  3  3  5  20.00---074.10
1608022496171013132323374350213  4  5  5  9  9 22 32 48 170.94---077.10
1608032496185040475040473030333 48 27 39 48 27 39 15 15 321.36---077.00
1608042496193733272730403017240 22 18 12 12 15 27 15  6 160.94---078.50
1608052496201337374030272033237  5 22 22 27 15 12  7 18 160.94---082.10
1608062496213017273327272033213 15  6 12 18 12 12  7 18 120.73---085.50
1608072496224317131327301727187 32  6  5  5 12 15  6 12 120.73---095.30
16080824962333201717273723 7180 18  7  6  6 12 22  9  3 100.63---099.00
1608092496241327173333271733200  5 12  6 18 18 12  6 18 120.73---094.90
1608102496253730333320273030240 22 15 18 18  7 12 15 15 150.94---097.60
16081124962617 7131713233030150  6  3  5  6  5  9 15 15  80.42---097.20
1608122496273733202320171010170 22 18  7  9  7  6  4  4 100.52---097.30
1608132497 1131310 7101317 7 90  5  5  4  3  4  5  6  3  40.21---092.90
1608142497 213 3 71017 3 7 3 63  5  2  3  4  6  2  3  2  30.10---089.40
1608152497 3 7 313 7 310 010 53  3  2  5  3  2  4  0  4  30.10---089.80
1608162497 4 0 3 7 717101033 87  0  2  3  3  6  4  4 18  50.21---088.70
1608172497 52730131013 31727140 12 15  5  4  5  2  6 12  80.42---084.90
1608182497 6173010101710 717117  6 15  4  4  6  4  3  6  60.31---084.40
1608192497 7 3 01313101310 7 70  2  0  5  5  4  5  4  3  40.10---082.70
1608202497 8201313 3 7 0 0 3 60  7  5  5  2  3  0  0  2  30.10---080.00
1608212497 9 0 0 31027372327127  0  0  2  4 12 22  9 12  80.42---078.40
160822249710131010 7 3 71310 73  5  4  4  3  2  3  5  4  40.10---081.80
1608232497111320 32333305047220  5  7  2  9 18 15 48 39 181.05---083.10
1608242497125327173337202037243 56 12  6 18 22  7  7 22 191.05---079.70
1608252497132013232720272733190  7  5  9 12  7 12 12 18 100.63---080.30
1608262497142717 3 710201717117 12  6  2  3  4  7  6  6  60.31---083.60
1608272497152023 71710 7 7 0 90  7  9  3  6  4  3  3  0  40.21---085.60
160828249716 3 3 310 7 3 3 3 37  2  2  2  4  3  2  2  2  20.00---087.10
16082924971710 0 31317172330113  4  0  2  5  6  6  9 15  60.31---089.50
1608302497182723171733434040240 12  9  6  6 18 32 27 27 170.94---102.30
16083124971917 710 7 7 72727107  6  3  4  3  3  3 12 12  60.31---099.30
